YY	hci	hchw	soi	ipo	pdo	Rnorte	Rsur	SSBnorte	SSBsur	Bnorte	Bsur	hakeSSB	hakeR	hakeF	hakeCatch	hakeBtotal	ShrimpCatch
1968	-0.150833333	-0.345	0.308333333	-0.189166667	-0.1875	3753.89	4591.74	32824.6	10413	60791	47587.9	126.085	672.528	1.14079	130.4	425.939	10.526
1969	0.659166667	0.5425	-1.133333333	0.5125	-0.394166667	4450.1	5731.06	33355.9	9117.86	63760	47769	116.313	690.86	0.849023	85.7	399.699	9.134
1970	0.834166667	0.965	0.416666667	-0.555	-0.415833333	3852.9	4756	33866.7	8870.74	65133.5	49169.2	131.167	628.67	0.803404	88.3	394.679	9.656
1971	1.094166667	0.91	1.658333333	-1.171666667	-1.3425	3254.2	3775.93	34674.2	8864.99	64493.7	48352.7	159.374	617.481	0.517547	66	404.202	9.244
1972	0.484166667	0.33	-1.358333333	0.478333333	-1.168333333	2586.46	2683.25	35114.3	9024.55	63052.1	43932.7	172.727	556.049	0.474733	66.9	401.77	7.719
1973	1.0225	0.8875	0.958333333	-0.7575	-1.184166667	3217.81	3711.13	35357.7	8594.66	62976.3	42089.6	200.4	658.102	0.285003	46.5	442.767	8.334
1974	0.5725	0.11	1.625	-0.940833333	-0.375	3563.47	4273.96	35563.3	7939.51	63775.2	40883.1	220.744	680.097	0.235983	43.5	441.059	7.561
1975	1.009166667	0.9175	2.066666667	-1.153333333	-1.460833333	2753.3	2949.86	35266.7	7200.23	62604.4	38649.8	267.219	669.649	0.14436	32.4	532.464	7.935
1976	0.155	0.1675	0.141666667	-0.033333333	-0.1675	2152.82	1968.38	34362.6	6828.03	59597.5	34065.9	318.536	688.48	0.112443	29.6	552.598	6.751
1977	0.516666667	1.1325	-1.675	0.3425	0.015833333	1706.3	1240.24	32695.4	5848.01	55387.4	28822.2	349.771	594.1	0.123085	36.6	626.509	7.88
1978	0.164166667	0.8275	-0.591666667	-0.060833333	0.014166667	1678.55	1198.45	30557.4	3478.08	51040	22118.7	370.28	667.941	0.107571	34.1	693.749	9.331
1979	-0.835	-0.985	-0.175	0.145	0.07	2076.96	1856.09	28671.1	2614.31	48022.4	15596.3	356.089	643.309	0.102223	31.8	641.57	3.639
1980	-0.4975	-0.3875	-0.616666667	0.298333333	0.251666667	3256.04	3791.7	27676.3	2825.36	48894.4	19260.2	326.257	693.882	0.109999	31.7	621.169	2.699
1981	-0.515833333	-0.64	0.008333333	-0.076666667	0.785833333	1673.94	1217.66	26615.7	3306.7	46368.8	20255.7	340.596	714.336	0.108363	32.7	625.791	2.942
1982	-0.491666667	-0.17	-2.133333333	0.831666667	-0.2475	1478.8	904.644	25503.4	3741.07	43614.4	19196.3	434.211	768.65	0.0688937	26.4	729.999	3.46
1983	-0.313333333	0.3325	-1.841666667	0.931666667	1.186666667	1542.87	1015.75	23712.5	3048.37	41027.4	17117.7	417.589	738.682	0.0681399	25.3	772.566	6.635
1984	-0.913333333	-0.65	-0.2	-0.221666667	0.594166667	1698.02	1276.44	21589	2728.66	38155.3	13174.7	484.045	756.277	0.0773905	33.2	849.907	3.866
1985	-0.395	-0.3425	0.075	-0.4225	0	1704.23	1299.6	19632.6	2907.39	35410.6	13107.3	504.673	726.264	0.0645121	28.7	911.68	2.946
1986	-0.785	-1.27	-0.658333333	0.369166667	0.96	1824.22	1513.43	18184.1	3168.09	33507.2	14540.6	506.89	731.76	0.0662846	29.7	906.585	2.98
1987	-0.646666667	-0.915	-2.183333333	1.256666667	1.118333333	1996.3	1813.83	16817.6	3282.86	32753.8	16323.2	536.286	548.778	0.0648454	30.9	947.721	4.5
1988	-0.594166667	-0.5	1.15	-0.596666667	-0.0775	2379.67	2456.57	15891	3431.87	32537.3	18735.4	542.519	483.12	0.104105	50.1	915.194	4.956
1989	-0.550833333	-0.3325	0.916666667	-0.675	-0.551666667	2195.79	2174.1	15271.8	3665.8	32188.7	20600.1	534.507	465.628	0.0991703	46.9	872.549	5.579
1990	-0.635	-0.6775	-0.65	-0.05	-0.856666667	2169.98	2145.5	14949	3723.31	31794.9	21882.1	494.757	544.27	0.116562	52.8	828.429	6.626
1991	-0.989166667	-0.9075	-1.525	0.388333333	-0.933333333	2302.52	2371.77	14525.7	3693.78	31924.2	22286.4	449.093	777.811	0.152346	63.7	821.14	7.562
1992	-0.534166667	-0.43	-2.008333333	0.815833333	0.699166667	2503.86	2705.98	13952.5	3692.92	31968	23146.6	405.644	1506.35	0.163529	62.6	999.143	8.206
1993	-0.93	-0.6175	-1.658333333	0.7775	0.973333333	2809.04	3211.75	13559.2	3954.23	32365.4	25116.7	398.208	1565.39	0.167101	61.8	1146.2	8.237
1994	-0.791666667	-0.4	-2	0.46	-0.534166667	2580.32	2848.72	13169	4052.64	32135.6	26946.4	520.48	1041.44	0.151532	67	1175.18	9.84
1995	-0.710833333	-0.6225	-0.475	0.15	0.32	1879.24	1711.34	12466	3786.93	29913.8	25028.9	642.726	897.275	0.143866	75.4	1270.63	10.62
1996	-0.358333333	-1.25	0.825	-0.179166667	0.61	1592	1250.14	11353.3	3166.87	26952.4	20755.1	751.938	902.538	0.133619	84.9	1315.73	10.535
1997	0.936666667	0.8075	-1.775	1.086666667	1.223333333	1525.68	1157.09	9514.12	2386.8	23899.6	16081.2	693.142	784.325	0.129716	80.2	1230.29	10.239
1998	0.984166667	1.1725	-0.516666667	0.0575	-0.450833333	2143.24	2192.84	8643.93	1894.85	21911.4	14620.4	661.485	704.839	0.127126	76.7	1149.47	7.301
1999	0.5375	0.3975	1.216666667	-1.1825	-1.7825	2897.67	3480.16	8010.11	2204.28	24008.3	17766.2	638.085	1045.96	0.176486	103.8	1184.92	7.951
2000	0.4125	1.015	1.175	-0.863333333	-1.130833333	3020.3	3712.44	8342.18	3566.47	24988	23651.8	620.471	913.224	0.189079	110.1	1183.57	5.448
2001	0.8	0.6675	0.008333333	-0.515833333	-1.129166667	2837.93	3440.99	9451.42	5703.54	26698.1	30719.3	542.035	729.497	0.246225	121.2	1102.95	4.863
2002	0.65	0.7025	-1.016666667	0.230833333	-0.4925	3326.86	4225.33	11307.3	8417.6	30082.8	38487.5	453.592	536.185	0.287361	116	829.543	4.112
2003	0.295833333	0.3	-0.616666667	0.238333333	0.32	3851.48	5040.08	14152.2	11378.5	35240.1	47415.4	266.069	991.866	0.443732	115.3	761.159	3.59
2004	0.235	0.3575	-0.9	0.106666667	-0.354166667	4665.75	6313.83	17814.8	14628.1	43192.8	57836.6	127.256	1283.01	0.311668	73.6	440.867	3.663
2005	0.2025	-0.21	-0.791666667	-0.178333333	-0.279166667	5188.2	7104.16	22271.9	18063.9	51783.5	69647.7	84.1156	796.238	0.262648	47.4	382.373	3.895
2006	0.67	0.115	-0.375	0.158333333	-0.464166667	4717.71	6279.65	26767.6	21510.9	59023.8	78664.6	87.2802	741.219	0.272696	48	331.326	4.262
2007	1.25	1.305	0.066666667	-0.3875	-0.778333333	4648.56	6120.09	30887.3	25014.1	64970.9	85370.9	102.579	660.477	0.216437	43.6	324.718	4.396
2008	0.8475	0.3725	1.783333333	-0.758333333	-1.7475	4370.06	5632.18	34113.6	28353.7	69084.3	89722.9	112.068	692.329	0.239039	47.9	359.22	4.496
2009	0.751666667	0.5775	-0.116666667	0.13	-1.084166667	4568.41	5933.45	36586.7	31208.1	72392	93389.1	121.624	551.161	0.223359	47.1	313.974	4.64
2010	1.585	1.8125	1.325	-0.591666667	-1.148333333	4674.78	6092.89	38642	33232.5	75086.6	96447.2	113.472	426.348	0.262363	49.2	316.729	4.795
2011	1.59	1.8325	2.283333333	-1.079166667	-1.913333333	4676.04	6085.58	40330.6	34744.7	77514.2	98404.5	111.835	507.656	0.282069	49.7	304.32	4.475
2012	1.414166667	1.4125	-0.191666667	-0.249166667	-1.6625	3351.06	3914.66	40977.3	35930.6	76105.6	96077.3	98.137	636.053	0.233376	39.7	308.392	3.947
2013	1.088333333	1.4275	0.416666667	-0.604166667	-1.220833333	2808.73	3023.71	40561.6	36291.3	72826.7	91203.5	89.8661	704.78	0.220496	36.9	315.019	4.4
2014	1.3875	1.0575	-0.683333333	0.04	0.469166667	2966.64	3279.7	39529.9	35557.6	69621.7	85350.6	110.097	915.213	0.0822031	18	377.462	4.597
2015	1.2725	1.625	-1.916666667	0.949166667	0.9	3341.86	3893.73	38316.5	33909.1	67728.9	80488.1	124.38	442.018	0.0937829	22.5	371.783	3.001
